2 37.846000 37.856199 55409.000000
3 37.791000 37.779962 49967.000000
4 37.857000 37.843833 50957.000000
5 37.489000 37.483318 52292.000000
6 37.711000 37.715489 49379.000000
7 37.754000 37.760519 48792.000000
8 37.884000 37.866471 48647.000000
9 37.943000 37.928829 45235.000000
10 37.883000 37.885522 47629.000000
11 37.841000 37.846235 46939.000000
12 37.813000 37.802779 44724.000000
13 37.829000 37.818174 47359.000000
14 37.804000 37.801636 47248.000000
15 41.413000 41.408496 48569.000000
16 41.804000 41.793151 46907.000000
17 41.913000 41.907167 49036.000000
18 41.949000 41.921979 46043.000000
19 41.881000 41.874217 47075.000000
20 41.940000 41.913012 46818.000000
21 41.901000 41.889367 47468.000000
22 41.963000 41.948368 48035.000000
23 41.942000 41.920099 45301.000000
24 41.996000 41.970041 47078.000000
25 42.089000 42.066898 46460.000000
26 41.995000 41.977347 46751.000000
27 41.976000 41.952632 47395.000000
28 42.115000 42.094863 46139.000000
29 51.332000 51.315202 49527.000000
30 51.914000 51.884689 47401.000000
