2 0.181000 0.171271 822.000000
3 0.208000 0.198000 789.000000
4 0.223000 0.214165 863.000000
5 0.245000 0.234209 829.000000
6 0.256000 0.246337 805.000000
7 0.281000 0.256035 789.000000
8 0.278000 0.265121 819.000000
9 0.319000 0.308416 828.000000
10 0.339000 0.328898 789.000000
11 0.356000 0.343893 789.000000
12 0.366000 0.355099 789.000000
13 0.378000 0.367398 785.000000
14 0.389000 0.376322 789.000000
15 0.396000 0.383360 800.000000
16 0.401000 0.389037 808.000000
17 0.404000 0.391330 789.000000
18 0.407000 0.393093 789.000000
19 0.404000 0.394992 789.000000
20 0.409000 0.397439 785.000000
21 0.415000 0.399709 782.000000
22 0.415000 0.401252 781.000000
23 0.415000 0.403186 789.000000
24 0.420000 0.405416 785.000000
25 0.422000 0.407923 785.000000
26 0.425000 0.409556 789.000000
27 0.429000 0.412085 789.000000
28 0.430000 0.414096 785.000000
29 0.431000 0.416520 789.000000
30 0.437000 0.418595 785.000000
31 0.436000 0.422111 789.000000
32 0.442000 0.425376 782.000000
33 0.442000 0.427786 785.000000
34 0.447000 0.429898 786.000000
35 0.448000 0.431217 789.000000
36 0.449000 0.433898 785.000000
37 0.456000 0.435136 789.000000
38 0.457000 0.438617 789.000000
39 0.453000 0.439466 789.000000
40 0.463000 0.442177 789.000000
41 0.461000 0.444381 789.000000
42 0.467000 0.446492 781.000000
43 0.465000 0.448887 781.000000
44 0.469000 0.450636 789.000000
45 0.470000 0.452945 785.000000
46 0.478000 0.454612 785.000000
47 0.479000 0.457181 785.000000
48 0.478000 0.460246 789.000000
49 0.478000 0.461946 786.000000
50 0.486000 0.464827 789.000000
51 0.487000 0.466495 781.000000
52 0.491000 0.468663 781.000000
53 0.495000 0.471121 785.000000
54 0.495000 0.472583 782.000000
55 0.495000 0.474781 789.000000
56 0.499000 0.476877 786.000000
57 0.495000 0.479161 781.000000
58 0.507000 0.481361 789.000000
59 0.504000 0.483110 781.000000
60 0.510000 0.485968 785.000000
61 0.510000 0.487466 789.000000
62 0.513000 0.490115 781.000000
63 0.512000 0.491124 785.000000
64 0.518000 0.494499 781.000000
65 0.520000 0.497017 781.000000
66 0.525000 0.498843 789.000000
67 0.518000 0.500525 781.000000
68 0.526000 0.502466 781.000000
69 0.531000 0.504744 781.000000
70 0.532000 0.507201 785.000000
71 0.537000 0.509066 781.000000
72 0.536000 0.511582 785.000000
73 0.539000 0.513240 781.000000
74 0.543000 0.515399 781.000000
75 0.545000 0.517699 781.000000
76 0.546000 0.519608 781.000000
77 0.550000 0.521729 781.000000
78 0.554000 0.523966 785.000000
79 0.545000 0.526324 786.000000
80 0.556000 0.529213 781.000000
81 0.557000 0.531679 782.000000
82 0.565000 0.533504 781.000000
83 0.557000 0.536189 781.000000
84 0.566000 0.537713 781.000000
85 0.569000 0.540138 781.000000
86 0.570000 0.542081 781.000000
87 0.575000 0.544483 781.000000
88 0.575000 0.545811 785.000000
89 0.578000 0.547877 782.000000
90 0.580000 0.550090 781.000000
91 0.583000 0.552134 789.000000
92 0.585000 0.554169 781.000000
93 0.588000 0.556602 782.000000
94 0.580000 0.558761 785.000000
95 0.594000 0.561283 785.000000
96 0.596000 0.563829 785.000000
97 0.596000 0.565630 789.000000
98 0.598000 0.567609 785.000000
99 0.596000 0.570119 781.000000
100 0.604000 0.571997 786.000000
