2 0.033000 871.000000
3 0.023000 834.000000
4 0.047000 789.000000
5 0.037000 789.000000
6 0.041000 833.000000
7 0.035000 789.000000
8 0.038000 813.000000
9 0.044000 785.000000
10 0.049000 805.000000
11 0.062000 801.000000
12 0.062000 789.000000
13 0.073000 790.000000
14 0.084000 789.000000
15 0.069000 789.000000
16 0.120000 801.000000
17 0.097000 790.000000
18 0.129000 789.000000
19 0.106000 789.000000
20 0.092000 789.000000
21 0.125000 789.000000
22 0.127000 782.000000
23 0.124000 797.000000
24 0.141000 789.000000
25 0.112000 789.000000
26 0.155000 805.000000
27 0.167000 801.000000
28 0.189000 785.000000
29 0.130000 786.000000
30 0.135000 789.000000
31 0.141000 805.000000
32 0.146000 786.000000
33 0.148000 785.000000
34 0.155000 781.000000
35 0.157000 789.000000
36 0.165000 789.000000
37 0.193000 781.000000
38 0.203000 785.000000
39 0.213000 789.000000
40 0.190000 789.000000
41 0.200000 782.000000
42 0.199000 789.000000
43 0.235000 789.000000
44 0.212000 789.000000
45 0.215000 789.000000
46 0.248000 789.000000
47 0.243000 789.000000
48 0.256000 785.000000
49 0.251000 781.000000
50 0.222000 781.000000
51 0.224000 790.000000
52 0.230000 781.000000
53 0.267000 785.000000
54 0.268000 781.000000
55 0.233000 781.000000
56 0.237000 789.000000
57 0.241000 781.000000
58 0.250000 789.000000
59 0.275000 789.000000
60 0.262000 781.000000
61 0.261000 789.000000
62 0.265000 785.000000
63 0.346000 789.000000
64 0.304000 781.000000
65 0.275000 785.000000
66 0.315000 785.000000
67 0.320000 789.000000
68 0.295000 785.000000
69 0.331000 786.000000
70 0.330000 781.000000
71 0.340000 781.000000
72 0.379000 785.000000
73 0.380000 781.000000
74 0.334000 789.000000
75 0.355000 785.000000
76 0.357000 781.000000
77 0.363000 785.000000
78 0.370000 789.000000
79 0.373000 785.000000
80 0.384000 781.000000
81 0.375000 785.000000
82 0.366000 785.000000
83 0.350000 785.000000
84 0.354000 789.000000
85 0.405000 781.000000
86 0.399000 781.000000
87 0.427000 781.000000
88 0.407000 781.000000
89 0.373000 781.000000
90 0.380000 785.000000
91 0.384000 781.000000
92 0.421000 781.000000
93 0.391000 781.000000
94 0.404000 781.000000
95 0.491000 781.000000
96 0.404000 786.000000
97 0.491000 781.000000
98 0.488000 781.000000
99 0.454000 785.000000
100 0.449000 785.000000
