2 1.974000 53003.000000
3 2.940000 52000.000000
4 3.649000 49101.000000
5 4.245000 52543.000000
6 7.486000 47919.000000
7 7.781000 48743.000000
8 6.773000 47015.000000
9 7.400000 49354.000000
10 8.254000 47885.000000
11 9.041000 47006.000000
12 9.712000 48197.000000
13 10.627000 47465.000000
14 12.278000 47018.000000
15 12.226000 46542.000000
16 13.118000 48422.000000
17 13.865000 48003.000000
18 14.794000 47623.000000
19 15.531000 46372.000000
20 16.212000 47286.000000
21 17.169000 46786.000000
22 18.098000 47357.000000
23 18.534000 46963.000000
24 19.654000 46835.000000
25 20.250000 46768.000000
26 21.182000 46853.000000
27 21.850000 46983.000000
28 22.695000 45820.000000
29 23.519000 45968.000000
30 24.437000 46119.000000
31 25.168000 45312.000000
32 25.822000 47172.000000
33 27.176000 45984.000000
34 27.495000 46851.000000
35 28.269000 46897.000000
36 29.070000 44304.000000
37 30.118000 46219.000000
38 30.886000 45083.000000
39 31.498000 46113.000000
40 32.602000 46102.000000
41 33.301000 46018.000000
42 33.983000 46478.000000
43 34.835000 46279.000000
44 35.650000 45257.000000
45 36.435000 46216.000000
46 37.124000 46005.000000
47 38.292000 46307.000000
48 38.859000 46238.000000
49 39.740000 44904.000000
50 40.285000 45858.000000
51 41.123000 45438.000000
52 42.015000 46541.000000
53 43.041000 45518.000000
54 43.642000 46005.000000
55 44.763000 46001.000000
56 45.203000 45886.000000
57 46.246000 46105.000000
58 46.959000 46050.000000
59 48.066000 45729.000000
60 48.497000 44376.000000
61 49.254000 45216.000000
62 50.212000 45413.000000
63 51.011000 44889.000000
64 51.659000 45387.000000
65 52.667000 46345.000000
66 53.494000 46345.000000
67 54.202000 45661.000000
68 54.918000 44633.000000
69 55.840000 44733.000000
70 56.398000 44552.000000
71 57.340000 45424.000000
72 57.880000 44966.000000
73 59.540000 45359.000000
74 59.752000 45165.000000
75 83.008000 45332.000000
76 84.037000 45428.000000
77 77.258000 45461.000000
78 73.288000 44755.000000
79 63.904000 44480.000000
80 64.705000 46121.000000
81 68.073000 44969.000000
82 68.083000 45738.000000
83 67.207000 44159.000000
84 69.688000 45275.000000
85 80.752000 44336.000000
86 76.237000 45439.000000
87 111.582000 44697.000000
88 113.398000 44806.000000
89 112.329000 45517.000000
90 112.728000 44949.000000
91 91.492000 45048.000000
92 75.178000 46056.000000
93 89.615000 45164.000000
94 75.787000 45099.000000
95 76.947000 45734.000000
96 91.046000 43626.000000
97 78.584000 45438.000000
98 79.445000 45239.000000
99 80.847000 45233.000000
100 81.809000 45264.000000
